Asset,US Large Cap Equity,US Small Cap Equity,Intl Developed Equity,Emerging Markets Equity,US Investment Grade Bonds,US High Yield Bonds,Real Estate (REITs),Commodities
US Large Cap Equity,1.00,0.85,0.80,0.70,-0.05,0.35,0.60,0.20
US Small Cap Equity,0.85,1.00,0.70,0.68,-0.10,0.40,0.55,0.22
Intl Developed Equity,0.80,0.70,1.00,0.75,0.00,0.35,0.50,0.25
Emerging Markets Equity,0.70,0.68,0.75,1.00,-0.05,0.45,0.45,0.35
US Investment Grade Bonds,-0.05,-0.10,0.00,-0.05,1.00,0.55,0.20,0.05
US High Yield Bonds,0.35,0.40,0.35,0.45,0.55,1.00,0.35,0.20
Real Estate (REITs),0.60,0.55,0.50,0.45,0.20,0.35,1.00,0.15
Commodities,0.20,0.22,0.25,0.35,0.05,0.20,0.15,1.00
